2759.00
2762.00
2768.00
2776.00
2787.00
2799.00
2806.00
2811.00
2810.00
2806.00
2797.00
2787.00
2775.00
2790.00
2794.00
2788.00
2807.00
2824.00
2816.00
2823.00
2863.00
2865.00
2858.00
2882.00
2871.00
2878.00
2901.00
2907.00
2907.00
2926.00
2927.00
2931.00
2944.00
2962.00
2991.00
2992.00
3010.00
3019.00
3030.00
3048.00
3063.00
3053.00
3054.00
3071.00
3079.00
3066.00
3074.00
3050.00
3082.00
3086.00
3099.00
3085.00
3099.00
3110.00
3099.00
3117.00
3115.00
3099.00
3098.00
3108.00
3099.00
3074.00
3068.00
3061.00
3059.00
3056.00
3102.00
3060.00
3066.00
3098.00
3034.00
3033.00
3023.00
3004.00
3002.00
2990.00
3019.00
2994.00
3000.00
3011.00
3006.00
2996.00
2990.00
2986.00
2994.00
2993.00
2994.00
2994.00
2988.00
2979.00
2972.00
2986.00
2970.00
2977.00
2969.00
2990.00
2972.00
2971.00
2977.00
2996.00
2963.00
3011.00
2999.00
3012.00
3018.00
3023.00
3029.00
3028.00
3023.00
3018.00
3017.00
3043.00
3034.00
3033.00
3034.00
3038.00
3025.00
3035.00
3040.00
3057.00
3065.00
3066.00
3080.00
3077.00
3087.00
3089.00
3098.00
3102.00
3113.00
3106.00
3122.00
3133.00
3138.00
3114.00
3107.00
3125.00
3131.00
3102.00
3115.00
3109.00
3105.00
3106.00
3102.00
3105.00
3102.00
3079.00
3088.00
3097.00
3092.00
3095.00
3091.00
3092.00
3121.00
3094.00
3095.00
3090.00
3096.00
3105.00
3098.00
3093.00
3090.00
3099.00
3100.00
3108.00
3107.00
3120.00
3129.00
3147.00
3135.00
3140.00
3157.00
3138.00
3160.00
3160.00
3153.00
3155.00
3157.00
3160.00
3177.00
3193.00
3201.00
3197.00
3216.00
3226.00
3222.00
3229.00
3217.00
3209.00
3214.00
3204.00
3201.00
3210.00
3211.00
3196.00
3201.00
3214.00
3196.00
3197.00
3206.00
3201.00
3174.00
3200.00
3177.00
3190.00
3225.00
3175.00
3192.00
3186.00
3192.00
3174.00
3165.00
3177.00
3189.00
3158.00
3174.00
3164.00
3162.00
3147.00
3162.00
3158.00
3161.00
3153.00
3153.00
3157.00
3161.00
3144.00
3138.00
3140.00
3146.00
3107.00
3125.00
3129.00
3135.00
3178.00
3189.00
3186.00
3182.00
3110.00
3112.00
3124.00
3093.00
3096.00
3110.00
3087.00
3088.00
3070.00
3077.00
3088.00
3073.00
3078.00
3080.00
3078.00
3068.00
3047.00
3075.00
3070.00
3043.00
3047.00
3082.00
3048.00
3027.00
3075.00
3067.00
3050.00
3039.00
3119.00
3036.00
3011.00
3016.00
3004.00
2983.00
2987.00
2993.00
3055.00
3097.00
3086.00
3121.00
3093.00
3085.00
3081.00
3076.00
3078.00
3113.00
3071.00
3070.00
3132.00
3134.00
3136.00
3107.00
3122.00
3124.00
3137.00
3101.00
3095.00
3113.00
3111.00
3084.00
3133.00
3127.00
3142.00
3128.00
3161.00
3146.00
3135.00
3132.00
3125.00
3153.00
3139.00
3142.00
3137.00
3123.00
3118.00
3134.00
3119.00
3111.00
3133.00
3105.00
3120.00
3112.00
3122.00
3122.00
3114.00
3109.00
3131.00
3115.00
3149.00
3149.00
3143.00
3125.00
3162.00
3160.00
3147.00
3198.00
3219.00
3233.00
3240.00
3244.00
3243.00
3273.00
3276.00
3278.00
3301.00
3298.00
3294.00
3309.00
3303.00
3309.00
3306.00
3308.00
3305.00
3317.00
3370.00
3300.00
3306.00
3320.00
3303.00
3304.00
3288.00
3278.00
3297.00
3281.00
3282.00
3281.00
3294.00
3262.00
3306.00
