1880.00
1882.00
1873.00
1883.00
1874.00
1884.00
1880.00
1882.00
1891.00
1882.00
1884.00
1886.00
1884.00
1881.00
1887.00
1886.00
1902.00
1898.00
1895.00
1902.00
1909.00
1910.00
1910.00
1915.00
1911.00
1917.00
1930.00
1922.00
1928.00
1935.00
1935.00
1937.00
1943.00
1957.00
1959.00
1953.00
1973.00
1984.00
1973.00
1990.00
1982.00
1972.00
1994.00
1991.00
1986.00
1998.00
1992.00
1985.00
1993.00
2009.00
1997.00
1990.00
2003.00
2007.00
2008.00
2021.00
2009.00
2014.00
2012.00
2005.00
2004.00
2005.00
1995.00
1995.00
1994.00
2002.00
2013.00
1991.00
1989.00
2026.00
2001.00
1996.00
2000.00
1998.00
2000.00
2001.00
2018.00
1997.00
2011.00
1995.00
1985.00
1993.00
1989.00
1995.00
1985.00
1984.00
1989.00
1994.00
1993.00
1985.00
1987.00
1982.00
1993.00
1982.00
1989.00
1988.00
1991.00
1986.00
1981.00
1993.00
2023.00
1984.00
2007.00
2008.00
2008.00
2001.00
2007.00
2010.00
2006.00
2005.00
2009.00
2008.00
2019.00
2009.00
2041.00
2017.00
2016.00
2021.00
2022.00
2003.00
2015.00
2009.00
2016.00
2015.00
2007.00
2021.00
2007.00
2020.00
2024.00
2001.00
2004.00
2013.00
2009.00
2015.00
2009.00
2012.00
2009.00
2011.00
2003.00
2009.00
2019.00
2020.00
2031.00
2008.00
2004.00
2009.00
2004.00
2008.00
2007.00
2023.00
2026.00
1987.00
1984.00
2016.00
2015.00
2004.00
2008.00
2014.00
2007.00
1993.00
1999.00
1992.00
1997.00
1987.00
2003.00
2001.00
1992.00
1999.00
1991.00
1996.00
1990.00
1985.00
1991.00
1994.00
1991.00
1962.00
1963.00
1975.00
1969.00
1975.00
1958.00
1965.00
1965.00
1974.00
1966.00
1969.00
1963.00
1974.00
1976.00
1981.00
1966.00
1986.00
1992.00
1996.00
1995.00
2006.00
1979.00
2001.00
1994.00
2000.00
1995.00
1998.00
1994.00
1983.00
1989.00
1981.00
1995.00
1965.00
1990.00
1977.00
1991.00
1988.00
1995.00
2002.00
1982.00
1987.00
1982.00
1987.00
1989.00
1992.00
1991.00
1980.00
1985.00
1979.00
1971.00
1975.00
1967.00
1968.00
1976.00
1971.00
1972.00
1960.00
1976.00
1966.00
1970.00
1967.00
1970.00
1969.00
1968.00
1971.00
1970.00
1963.00
1968.00
1973.00
1973.00
1953.00
1965.00
1967.00
1955.00
1962.00
1965.00
1959.00
1962.00
1975.00
1955.00
1965.00
1988.00
1964.00
1962.00
1961.00
1947.00
1946.00
1949.00
1950.00
1957.00
1975.00
1943.00
1948.00
1930.00
1960.00
1947.00
1946.00
1926.00
1939.00
1945.00
1941.00
1958.00
1955.00
1959.00
1951.00
1973.00
1973.00
1962.00
1955.00
1965.00
1976.00
1986.00
1989.00
1977.00
2000.00
1981.00
2010.00
1986.00
1999.00
2018.00
2004.00
2004.00
2022.00
2021.00
2021.00
2028.00
2033.00
2031.00
2022.00
2016.00
2027.00
2043.00
2034.00
2027.00
2026.00
2022.00
1996.00
2018.00
2008.00
2002.00
1994.00
2016.00
2003.00
1993.00
1994.00
1997.00
1984.00
1998.00
1986.00
1998.00
2007.00
2003.00
2015.00
1998.00
1995.00
1987.00
1999.00
1998.00
2001.00
2006.00
1997.00
2009.00
1987.00
1999.00
1990.00
2009.00
2004.00
2010.00
2017.00
2028.00
2022.00
2034.00
2026.00
2032.00
2024.00
2030.00
2033.00
2024.00
2039.00
2030.00
2037.00
2040.00
2050.00
2057.00
2062.00
2041.00
2048.00
2048.00
2061.00
2070.00
2060.00
