14.54
14.51
14.46
14.63
14.54
14.50
14.52
14.53
14.54
14.51
14.42
14.50
14.46
14.50
14.48
14.38
14.30
14.50
14.46
14.40
14.32
14.34
14.44
14.40
14.25
14.26
14.30
14.27
14.31
14.28
14.27
14.28
14.29
14.27
14.43
14.61
14.76
14.96
14.99
15.16
15.27
15.23
15.18
14.94
15.02
14.83
14.97
15.24
15.10
15.27
15.38
15.39
15.51
15.92
16.17
16.34
16.61
16.53
16.59
16.75
16.71
16.74
16.77
16.76
16.62
16.67
16.49
16.38
16.53
16.48
16.16
16.58
16.68
16.81
16.88
16.84
17.04
17.37
17.64
17.59
17.66
17.66
17.72
17.76
17.79
17.80
18.17
17.94
17.96
18.06
18.05
17.96
17.96
18.02
18.04
18.20
18.20
18.31
18.26
18.34
18.54
18.65
18.88
19.30
19.47
19.69
19.83
20.14
20.29
20.34
20.95
21.42
21.69
22.04
22.30
22.36
22.61
22.82
23.09
23.38
23.61
23.80
24.26
24.85
25.43
25.41
25.48
25.60
25.40
25.55
25.56
25.68
25.26
25.65
25.81
25.87
25.92
26.20
26.31
25.88
25.97
26.07
26.04
26.30
26.69
26.44
26.76
26.42
26.61
26.63
26.79
27.05
27.06
26.92
27.03
26.89
26.84
26.67
26.85
27.08
27.39
27.47
28.34
28.71
29.48
30.10
31.23
32.19
33.22
34.07
33.94
33.81
33.98
34.09
34.46
34.82
35.68
36.57
37.37
38.42
38.98
39.21
38.76
38.99
39.17
39.22
39.47
39.30
39.44
38.13
37.55
37.53
38.05
38.02
37.82
37.41
37.07
36.35
35.21
34.85
34.35
34.02
33.99
32.64
31.93
30.69
31.15
30.99
31.25
31.31
31.39
31.40
31.60
31.43
31.23
30.78
30.59
30.58
30.94
31.45
32.41
32.87
33.06
33.34
33.18
32.91
32.78
32.85
32.68
32.40
32.18
31.91
32.00
31.93
32.15
32.45
32.23
32.36
32.43
32.42
32.37
32.33
32.54
32.37
32.33
32.40
32.39
32.38
32.45
32.59
33.53
34.00
34.10
34.06
34.14
34.37
34.72
34.62
34.66
34.56
34.56
34.84
35.14
35.24
35.16
34.56
34.66
34.77
34.93
34.94
34.88
34.52
34.70
34.85
34.98
35.25
35.31
35.07
35.03
34.92
34.83
35.32
34.89
35.11
35.09
34.88
35.20
35.30
35.58
35.78
35.88
36.45
36.31
36.81
36.56
36.73
36.73
36.30
36.19
36.40
36.33
36.24
35.64
35.57
35.30
35.70
35.53
35.48
35.09
35.15
35.07
35.29
35.13
35.09
35.52
35.21
35.61
35.25
35.37
35.43
35.25
35.10
35.26
35.19
35.00
35.00
35.06
35.06
34.96
34.66
34.48
34.15
33.87
33.81
33.73
33.65
33.52
33.31
33.40
33.36
33.30
33.26
33.07
33.04
32.52
32.37
32.26
32.53
32.47
32.25
32.25
32.26
32.27
32.21
32.40
32.18
32.30
32.21
32.15
32.25
32.31
32.08
31.80
31.69
31.67
31.54
