14.86
14.85
14.89
14.92
14.85
14.82
14.86
14.89
14.90
14.84
14.80
14.90
14.84
14.87
14.87
14.80
14.68
14.89
14.88
14.79
14.78
14.70
14.83
14.79
14.73
14.71
14.70
14.65
14.77
14.77
14.68
14.68
14.73
14.77
14.84
15.03
15.23
15.34
15.46
15.59
15.65
15.62
15.52
15.35
15.47
15.35
15.45
15.68
15.61
15.68
15.77
15.82
15.95
16.36
16.62
16.83
17.06
16.97
17.00
17.22
17.12
17.19
17.09
17.03
17.03
16.90
16.84
16.77
17.01
17.00
16.66
16.96
17.04
17.21
17.31
17.43
17.68
17.89
18.00
18.11
18.23
18.22
18.32
18.32
18.44
18.38
18.52
18.40
18.53
18.45
18.57
18.50
18.47
18.51
18.53
18.79
18.74
18.78
18.68
18.91
19.09
19.11
19.33
19.71
19.94
20.19
20.42
20.84
20.87
20.89
21.53
21.95
22.36
22.63
22.98
22.92
23.24
23.28
23.71
23.76
24.13
24.43
24.90
25.40
26.07
26.01
25.93
26.21
26.00
26.18
26.16
26.13
25.94
26.27
26.38
26.51
26.54
26.76
26.81
26.45
26.48
26.50
26.62
27.04
27.09
26.91
27.28
26.93
27.33
27.07
27.13
27.37
27.46
27.36
27.55
27.42
27.31
27.29
27.30
27.69
27.89
28.01
28.89
29.32
30.12
30.68
31.69
32.74
33.85
34.62
34.46
34.48
34.48
34.63
34.89
35.34
36.28
37.26
38.05
39.15
39.51
39.83
39.22
39.73
39.79
39.83
40.06
39.88
40.11
38.81
38.05
38.17
38.62
38.52
38.49
38.03
37.73
36.94
35.91
35.60
34.93
34.87
34.77
33.40
32.54
31.33
31.81
31.58
32.10
32.01
32.15
32.23
32.22
32.19
31.86
31.39
31.07
31.17
31.52
32.12
33.29
33.62
33.68
34.00
33.68
33.60
33.47
33.44
33.32
32.91
32.61
32.60
32.44
32.65
32.77
32.98
32.72
32.84
32.89
32.89
32.79
32.82
32.97
32.90
33.02
32.96
32.95
32.93
33.03
33.15
33.93
34.53
34.57
34.61
34.66
34.99
35.25
35.11
35.26
35.17
35.08
35.37
35.71
35.67
35.76
35.08
35.22
35.27
35.40
35.32
35.49
35.09
35.25
35.33
35.55
35.85
35.85
35.68
35.70
35.55
35.41
35.86
35.60
35.69
35.96
35.64
35.93
35.91
36.15
36.42
36.34
36.97
36.89
37.32
37.19
37.20
37.38
37.18
36.89
37.10
37.11
36.94
36.28
36.14
35.90
36.47
36.15
36.10
35.66
35.76
35.68
35.62
35.76
35.73
36.09
35.80
36.14
35.81
35.90
35.81
35.80
35.69
35.83
35.72
35.46
35.52
35.61
35.68
35.36
35.24
34.97
34.72
34.48
34.37
34.27
34.23
34.09
33.75
33.88
33.88
33.78
33.72
33.63
33.55
32.99
33.07
32.94
33.20
33.11
32.78
32.86
32.83
32.86
32.72
33.04
32.79
32.90
32.77
32.68
32.81
32.69
32.56
32.36
32.23
32.05
32.04
