15.09
15.09
15.11
15.15
15.10
15.08
15.09
15.10
15.14
15.11
15.08
15.13
15.08
15.17
15.06
15.11
15.09
15.09
15.07
15.03
15.04
15.03
15.06
15.06
15.02
15.03
15.00
15.08
15.08
15.02
15.05
15.10
15.09
15.21
15.30
15.47
15.66
15.79
15.94
16.02
16.10
16.08
15.99
15.93
15.93
15.79
15.97
16.06
16.06
16.10
16.20
16.23
16.46
16.74
17.04
17.23
17.42
17.49
17.58
17.63
17.52
17.48
17.43
17.29
17.38
17.35
17.30
17.27
17.28
17.42
17.25
17.41
17.52
17.59
17.82
17.98
18.28
18.45
18.67
18.78
18.86
18.91
18.99
18.97
19.15
19.01
19.25
19.09
19.25
19.21
19.16
19.25
19.29
19.35
19.48
19.47
19.44
19.47
19.53
19.72
19.98
20.00
20.10
20.55
20.89
21.13
21.54
21.95
21.96
22.21
22.84
23.15
23.57
23.89
24.07
24.34
24.55
24.70
24.90
24.98
25.25
25.55
25.95
26.67
26.85
27.03
27.14
27.16
27.12
27.13
27.28
27.12
27.15
27.41
27.62
27.52
27.69
27.96
27.90
27.87
27.92
27.62
27.84
28.12
28.17
28.16
28.35
28.22
28.36
28.34
28.50
28.47
28.67
28.51
28.61
28.55
28.52
28.49
28.67
28.77
28.81
29.22
29.86
30.42
31.18
31.81
32.84
33.96
34.95
35.49
35.49
35.51
35.66
35.76
35.96
36.40
37.26
38.10
39.13
40.04
40.62
40.75
40.37
40.61
40.84
40.92
41.00
40.87
40.88
40.06
39.56
39.29
39.78
39.62
39.71
39.48
39.04
38.18
37.19
36.45
36.29
35.69
35.60
34.48
33.31
32.30
32.38
32.41
32.66
32.70
32.82
33.30
33.22
32.88
32.57
32.18
32.00
31.98
32.30
33.00
34.25
34.82
34.84
35.00
34.94
34.80
34.68
34.46
34.39
34.06
33.75
33.40
33.21
33.44
33.52
33.82
33.68
33.65
33.77
33.74
33.69
33.67
33.77
33.72
33.80
33.81
33.66
33.73
33.77
34.02
34.74
35.42
35.58
35.67
35.63
35.98
36.14
36.10
36.18
36.06
36.13
36.12
36.50
36.68
36.56
36.14
36.24
36.32
36.44
36.47
36.46
36.33
36.72
36.95
36.17
36.41
36.34
36.35
36.17
36.18
37.09
37.49
37.12
37.44
37.41
37.57
37.55
37.47
37.78
37.86
38.05
38.30
38.52
38.74
38.46
38.54
38.66
38.75
38.46
38.39
38.20
38.07
37.58
37.44
36.92
37.54
37.11
37.04
36.75
36.50
36.55
36.60
36.46
36.54
36.82
36.64
36.71
36.50
36.59
36.61
36.50
36.42
36.49
36.41
36.33
36.26
36.31
36.19
36.17
35.88
35.81
35.46
35.17
35.13
35.06
34.91
34.83
34.62
34.56
34.46
34.38
34.32
34.23
34.20
33.97
33.77
33.75
33.97
33.85
33.76
33.76
33.27
33.72
33.78
33.77
33.78
33.78
33.64
33.63
33.62
33.40
33.31
33.20
32.92
32.92
32.75
