47.18
47.18
47.18
47.18
47.18
47.18
47.18
47.18
47.18
47.18
47.18
47.18
47.18
47.18
47.18
47.18
47.18
47.18
47.18
47.18
47.18
47.18
47.18
47.18
47.18
47.18
47.18
47.18
47.18
47.18
47.18
47.18
47.18
47.18
47.18
47.18
47.18
47.18
47.18
47.18
47.18
47.18
47.18
47.18
47.18
47.18
47.18
47.18
47.18
47.18
47.18
47.18
47.18
47.18
47.18
47.18
47.18
47.18
47.18
47.18
47.18
47.18
47.18
47.18
47.18
47.18
47.18
47.18
47.18
47.18
47.18
47.18
47.18
47.18
47.18
47.18
47.18
47.18
47.18
47.18
47.18
47.18
47.18
47.18
47.18
47.18
47.18
47.18
47.18
47.18
47.18
47.18
47.18
47.18
47.18
47.18
47.18
47.18
47.18
47.18
47.18
47.18
47.18
47.18
47.18
47.18
47.18
47.18
47.18
47.18
47.18
47.18
47.18
47.18
47.18
47.18
47.18
47.18
47.18
47.18
47.18
47.18
47.18
47.18
47.18
47.18
47.18
47.18
47.18
47.18
47.18
47.18
47.18
47.18
47.18
47.18
47.18
47.18
47.18
47.18
47.18
47.18
47.18
47.18
47.18
47.18
47.18
47.18
47.18
47.18
47.18
47.18
47.18
47.18
47.18
47.18
47.18
47.18
47.18
47.18
47.18
47.18
47.18
47.18
47.18
47.18
47.18
47.18
47.18
47.18
47.18
47.18
47.18
47.18
47.18
47.18
47.18
47.18
47.18
47.18
47.18
47.18
47.18
47.18
47.18
47.18
47.18
47.18
47.18
47.18
47.18
47.18
47.18
47.18
47.18
47.18
47.18
47.18
47.18
47.18
47.18
47.18
47.18
47.18
47.18
47.18
47.18
47.18
47.18
47.18
47.18
47.18
47.18
47.18
47.18
47.18
47.18
47.18
47.18
47.18
47.18
47.18
47.18
47.18
47.18
47.18
47.18
47.18
47.18
47.18
47.18
47.18
47.18
47.18
47.18
47.18
47.18
47.18
47.18
47.18
47.18
47.18
47.18
47.18
47.18
47.18
47.18
47.18
47.18
47.18
47.18
47.18
47.18
47.18
47.18
47.18
47.18
47.18
47.18
47.18
47.18
47.18
47.18
47.18
47.18
46.86
46.86
46.83
47.31
47.47
47.35
47.32
47.15
48.12
48.76
48.11
49.10
49.19
49.36
49.29
49.04
48.68
49.11
48.71
49.37
49.64
49.56
50.06
49.97
49.55
49.93
50.43
50.12
49.91
50.14
50.23
50.47
50.49
50.47
50.20
49.99
50.07
49.67
49.46
49.44
49.21
49.14
48.79
48.88
48.89
49.33
48.52
48.51
48.49
48.44
48.38
48.56
48.42
48.42
48.16
47.89
47.96
48.24
48.14
48.09
47.65
47.86
47.61
47.53
47.48
47.52
47.29
47.40
47.23
47.25
47.13
46.86
46.92
47.18
46.64
46.64
46.28
46.26
46.23
46.16
45.96
45.70
45.59
45.38
45.12
44.71
45.15
44.98
44.99
44.89
44.93
44.77
44.61
44.78
44.90
44.57
44.49
44.36
44.18
44.15
44.51
